{
 "cells": [
  {
   "cell_type": "code",
   "execution_count": 1,
   "id": "9ef04ad1",
   "metadata": {},
   "outputs": [],
   "source": [
    "import pandas as pd"
   ]
  },
  {
   "cell_type": "code",
   "execution_count": 2,
   "id": "02e2085a",
   "metadata": {},
   "outputs": [],
   "source": [
    "data=pd.read_csv('preprocessedData.csv')"
   ]
  },
  {
   "cell_type": "code",
   "execution_count": 3,
   "id": "0fc10f4e",
   "metadata": {},
   "outputs": [
    {
     "data": {
      "text/plain": [
       "gender            0\n",
       "ssc_b             0\n",
       "hsc_b             0\n",
       "hsc_s             0\n",
       "degree_t          0\n",
       "workex            0\n",
       "specialisation    0\n",
       "status            0\n",
       "sl_no             0\n",
       "ssc_p             0\n",
       "hsc_p             0\n",
       "degree_p          0\n",
       "etest_p           0\n",
       "mba_p             0\n",
       "salary            0\n",
       "dtype: int64"
      ]
     },
     "execution_count": 3,
     "metadata": {},
     "output_type": "execute_result"
    }
   ],
   "source": [
    "data.isna().sum()"
   ]
  },
  {
   "cell_type": "code",
   "execution_count": 4,
   "id": "0e16fdd2",
   "metadata": {},
   "outputs": [
    {
     "data": {
      "text/html": [
       "<div>\n",
       "<style scoped>\n",
       "    .dataframe tbody tr th:only-of-type {\n",
       "        vertical-align: middle;\n",
       "    }\n",
       "\n",
       "    .dataframe tbody tr th {\n",
       "        vertical-align: top;\n",
       "    }\n",
       "\n",
       "    .dataframe thead th {\n",
       "        text-align: right;\n",
       "    }\n",
       "</style>\n",
       "<table border=\"1\" class=\"dataframe\">\n",
       "  <thead>\n",
       "    <tr style=\"text-align: right;\">\n",
       "      <th></th>\n",
       "      <th>sl_no</th>\n",
       "      <th>ssc_p</th>\n",
       "      <th>hsc_p</th>\n",
       "      <th>degree_p</th>\n",
       "      <th>etest_p</th>\n",
       "      <th>mba_p</th>\n",
       "      <th>salary</th>\n",
       "    </tr>\n",
       "  </thead>\n",
       "  <tbody>\n",
       "    <tr>\n",
       "      <th>sl_no</th>\n",
       "      <td>3870.000000</td>\n",
       "      <td>-52.641355</td>\n",
       "      <td>-58.106028</td>\n",
       "      <td>-40.413645</td>\n",
       "      <td>52.556168</td>\n",
       "      <td>8.102336</td>\n",
       "      <td>2.484009e+05</td>\n",
       "    </tr>\n",
       "    <tr>\n",
       "      <th>ssc_p</th>\n",
       "      <td>-52.641355</td>\n",
       "      <td>117.228377</td>\n",
       "      <td>60.348373</td>\n",
       "      <td>42.897137</td>\n",
       "      <td>37.659225</td>\n",
       "      <td>24.535952</td>\n",
       "      <td>1.976764e+04</td>\n",
       "    </tr>\n",
       "    <tr>\n",
       "      <th>hsc_p</th>\n",
       "      <td>-58.106028</td>\n",
       "      <td>60.348373</td>\n",
       "      <td>118.755706</td>\n",
       "      <td>34.819820</td>\n",
       "      <td>35.461678</td>\n",
       "      <td>22.555846</td>\n",
       "      <td>4.600806e+04</td>\n",
       "    </tr>\n",
       "    <tr>\n",
       "      <th>degree_p</th>\n",
       "      <td>-40.413645</td>\n",
       "      <td>42.897137</td>\n",
       "      <td>34.819820</td>\n",
       "      <td>54.151103</td>\n",
       "      <td>21.929469</td>\n",
       "      <td>17.272020</td>\n",
       "      <td>-8.064357e+03</td>\n",
       "    </tr>\n",
       "    <tr>\n",
       "      <th>etest_p</th>\n",
       "      <td>52.556168</td>\n",
       "      <td>37.659225</td>\n",
       "      <td>35.461678</td>\n",
       "      <td>21.929469</td>\n",
       "      <td>176.251018</td>\n",
       "      <td>16.886973</td>\n",
       "      <td>1.571579e+05</td>\n",
       "    </tr>\n",
       "    <tr>\n",
       "      <th>mba_p</th>\n",
       "      <td>8.102336</td>\n",
       "      <td>24.535952</td>\n",
       "      <td>22.555846</td>\n",
       "      <td>17.272020</td>\n",
       "      <td>16.886973</td>\n",
       "      <td>34.028376</td>\n",
       "      <td>6.611551e+04</td>\n",
       "    </tr>\n",
       "    <tr>\n",
       "      <th>salary</th>\n",
       "      <td>248400.921950</td>\n",
       "      <td>19767.643976</td>\n",
       "      <td>46008.057275</td>\n",
       "      <td>-8064.357161</td>\n",
       "      <td>157157.850783</td>\n",
       "      <td>66115.509283</td>\n",
       "      <td>5.999726e+09</td>\n",
       "    </tr>\n",
       "  </tbody>\n",
       "</table>\n",
       "</div>"
      ],
      "text/plain": [
       "                  sl_no         ssc_p         hsc_p     degree_p  \\\n",
       "sl_no       3870.000000    -52.641355    -58.106028   -40.413645   \n",
       "ssc_p        -52.641355    117.228377     60.348373    42.897137   \n",
       "hsc_p        -58.106028     60.348373    118.755706    34.819820   \n",
       "degree_p     -40.413645     42.897137     34.819820    54.151103   \n",
       "etest_p       52.556168     37.659225     35.461678    21.929469   \n",
       "mba_p          8.102336     24.535952     22.555846    17.272020   \n",
       "salary    248400.921950  19767.643976  46008.057275 -8064.357161   \n",
       "\n",
       "                etest_p         mba_p        salary  \n",
       "sl_no         52.556168      8.102336  2.484009e+05  \n",
       "ssc_p         37.659225     24.535952  1.976764e+04  \n",
       "hsc_p         35.461678     22.555846  4.600806e+04  \n",
       "degree_p      21.929469     17.272020 -8.064357e+03  \n",
       "etest_p      176.251018     16.886973  1.571579e+05  \n",
       "mba_p         16.886973     34.028376  6.611551e+04  \n",
       "salary    157157.850783  66115.509283  5.999726e+09  "
      ]
     },
     "execution_count": 4,
     "metadata": {},
     "output_type": "execute_result"
    }
   ],
   "source": [
    "data.cov()"
   ]
  },
  {
   "cell_type": "code",
   "execution_count": 7,
   "id": "52522c2d",
   "metadata": {},
   "outputs": [
    {
     "data": {
      "text/html": [
       "<div>\n",
       "<style scoped>\n",
       "    .dataframe tbody tr th:only-of-type {\n",
       "        vertical-align: middle;\n",
       "    }\n",
       "\n",
       "    .dataframe tbody tr th {\n",
       "        vertical-align: top;\n",
       "    }\n",
       "\n",
       "    .dataframe thead th {\n",
       "        text-align: right;\n",
       "    }\n",
       "</style>\n",
       "<table border=\"1\" class=\"dataframe\">\n",
       "  <thead>\n",
       "    <tr style=\"text-align: right;\">\n",
       "      <th></th>\n",
       "      <th>gender</th>\n",
       "      <th>ssc_b</th>\n",
       "      <th>hsc_b</th>\n",
       "      <th>hsc_s</th>\n",
       "      <th>degree_t</th>\n",
       "      <th>workex</th>\n",
       "      <th>specialisation</th>\n",
       "      <th>status</th>\n",
       "      <th>ssc_p</th>\n",
       "      <th>hsc_p</th>\n",
       "      <th>degree_p</th>\n",
       "      <th>etest_p</th>\n",
       "      <th>mba_p</th>\n",
       "      <th>salary</th>\n",
       "    </tr>\n",
       "  </thead>\n",
       "  <tbody>\n",
       "    <tr>\n",
       "      <th>0</th>\n",
       "      <td>M</td>\n",
       "      <td>Others</td>\n",
       "      <td>Others</td>\n",
       "      <td>Commerce</td>\n",
       "      <td>Sci&amp;Tech</td>\n",
       "      <td>No</td>\n",
       "      <td>Mkt&amp;HR</td>\n",
       "      <td>Placed</td>\n",
       "      <td>67.00</td>\n",
       "      <td>91.00</td>\n",
       "      <td>58.00</td>\n",
       "      <td>55.0</td>\n",
       "      <td>58.80</td>\n",
       "      <td>270000.000000</td>\n",
       "    </tr>\n",
       "    <tr>\n",
       "      <th>1</th>\n",
       "      <td>M</td>\n",
       "      <td>Central</td>\n",
       "      <td>Others</td>\n",
       "      <td>Science</td>\n",
       "      <td>Sci&amp;Tech</td>\n",
       "      <td>Yes</td>\n",
       "      <td>Mkt&amp;Fin</td>\n",
       "      <td>Placed</td>\n",
       "      <td>79.33</td>\n",
       "      <td>78.33</td>\n",
       "      <td>77.48</td>\n",
       "      <td>86.5</td>\n",
       "      <td>66.28</td>\n",
       "      <td>200000.000000</td>\n",
       "    </tr>\n",
       "    <tr>\n",
       "      <th>2</th>\n",
       "      <td>M</td>\n",
       "      <td>Central</td>\n",
       "      <td>Central</td>\n",
       "      <td>Arts</td>\n",
       "      <td>Comm&amp;Mgmt</td>\n",
       "      <td>No</td>\n",
       "      <td>Mkt&amp;Fin</td>\n",
       "      <td>Placed</td>\n",
       "      <td>65.00</td>\n",
       "      <td>68.00</td>\n",
       "      <td>64.00</td>\n",
       "      <td>75.0</td>\n",
       "      <td>57.80</td>\n",
       "      <td>250000.000000</td>\n",
       "    </tr>\n",
       "    <tr>\n",
       "      <th>3</th>\n",
       "      <td>M</td>\n",
       "      <td>Central</td>\n",
       "      <td>Central</td>\n",
       "      <td>Science</td>\n",
       "      <td>Sci&amp;Tech</td>\n",
       "      <td>No</td>\n",
       "      <td>Mkt&amp;HR</td>\n",
       "      <td>Not Placed</td>\n",
       "      <td>56.00</td>\n",
       "      <td>52.00</td>\n",
       "      <td>52.00</td>\n",
       "      <td>66.0</td>\n",
       "      <td>59.43</td>\n",
       "      <td>288655.405405</td>\n",
       "    </tr>\n",
       "    <tr>\n",
       "      <th>4</th>\n",
       "      <td>M</td>\n",
       "      <td>Central</td>\n",
       "      <td>Central</td>\n",
       "      <td>Commerce</td>\n",
       "      <td>Comm&amp;Mgmt</td>\n",
       "      <td>No</td>\n",
       "      <td>Mkt&amp;Fin</td>\n",
       "      <td>Placed</td>\n",
       "      <td>85.80</td>\n",
       "      <td>73.60</td>\n",
       "      <td>73.30</td>\n",
       "      <td>96.8</td>\n",
       "      <td>55.50</td>\n",
       "      <td>425000.000000</td>\n",
       "    </tr>\n",
       "    <tr>\n",
       "      <th>...</th>\n",
       "      <td>...</td>\n",
       "      <td>...</td>\n",
       "      <td>...</td>\n",
       "      <td>...</td>\n",
       "      <td>...</td>\n",
       "      <td>...</td>\n",
       "      <td>...</td>\n",
       "      <td>...</td>\n",
       "      <td>...</td>\n",
       "      <td>...</td>\n",
       "      <td>...</td>\n",
       "      <td>...</td>\n",
       "      <td>...</td>\n",
       "      <td>...</td>\n",
       "    </tr>\n",
       "    <tr>\n",
       "      <th>210</th>\n",
       "      <td>M</td>\n",
       "      <td>Others</td>\n",
       "      <td>Others</td>\n",
       "      <td>Commerce</td>\n",
       "      <td>Comm&amp;Mgmt</td>\n",
       "      <td>No</td>\n",
       "      <td>Mkt&amp;Fin</td>\n",
       "      <td>Placed</td>\n",
       "      <td>80.60</td>\n",
       "      <td>82.00</td>\n",
       "      <td>77.60</td>\n",
       "      <td>91.0</td>\n",
       "      <td>74.49</td>\n",
       "      <td>400000.000000</td>\n",
       "    </tr>\n",
       "    <tr>\n",
       "      <th>211</th>\n",
       "      <td>M</td>\n",
       "      <td>Others</td>\n",
       "      <td>Others</td>\n",
       "      <td>Science</td>\n",
       "      <td>Sci&amp;Tech</td>\n",
       "      <td>No</td>\n",
       "      <td>Mkt&amp;Fin</td>\n",
       "      <td>Placed</td>\n",
       "      <td>58.00</td>\n",
       "      <td>60.00</td>\n",
       "      <td>72.00</td>\n",
       "      <td>74.0</td>\n",
       "      <td>53.62</td>\n",
       "      <td>275000.000000</td>\n",
       "    </tr>\n",
       "    <tr>\n",
       "      <th>212</th>\n",
       "      <td>M</td>\n",
       "      <td>Others</td>\n",
       "      <td>Others</td>\n",
       "      <td>Commerce</td>\n",
       "      <td>Comm&amp;Mgmt</td>\n",
       "      <td>Yes</td>\n",
       "      <td>Mkt&amp;Fin</td>\n",
       "      <td>Placed</td>\n",
       "      <td>67.00</td>\n",
       "      <td>67.00</td>\n",
       "      <td>73.00</td>\n",
       "      <td>59.0</td>\n",
       "      <td>69.72</td>\n",
       "      <td>295000.000000</td>\n",
       "    </tr>\n",
       "    <tr>\n",
       "      <th>213</th>\n",
       "      <td>F</td>\n",
       "      <td>Others</td>\n",
       "      <td>Others</td>\n",
       "      <td>Commerce</td>\n",
       "      <td>Comm&amp;Mgmt</td>\n",
       "      <td>No</td>\n",
       "      <td>Mkt&amp;HR</td>\n",
       "      <td>Placed</td>\n",
       "      <td>74.00</td>\n",
       "      <td>66.00</td>\n",
       "      <td>58.00</td>\n",
       "      <td>70.0</td>\n",
       "      <td>60.23</td>\n",
       "      <td>204000.000000</td>\n",
       "    </tr>\n",
       "    <tr>\n",
       "      <th>214</th>\n",
       "      <td>M</td>\n",
       "      <td>Central</td>\n",
       "      <td>Others</td>\n",
       "      <td>Science</td>\n",
       "      <td>Comm&amp;Mgmt</td>\n",
       "      <td>No</td>\n",
       "      <td>Mkt&amp;HR</td>\n",
       "      <td>Not Placed</td>\n",
       "      <td>62.00</td>\n",
       "      <td>58.00</td>\n",
       "      <td>53.00</td>\n",
       "      <td>89.0</td>\n",
       "      <td>60.22</td>\n",
       "      <td>288655.405405</td>\n",
       "    </tr>\n",
       "  </tbody>\n",
       "</table>\n",
       "<p>215 rows × 14 columns</p>\n",
       "</div>"
      ],
      "text/plain": [
       "    gender    ssc_b    hsc_b     hsc_s   degree_t workex specialisation  \\\n",
       "0        M   Others   Others  Commerce   Sci&Tech     No         Mkt&HR   \n",
       "1        M  Central   Others   Science   Sci&Tech    Yes        Mkt&Fin   \n",
       "2        M  Central  Central      Arts  Comm&Mgmt     No        Mkt&Fin   \n",
       "3        M  Central  Central   Science   Sci&Tech     No         Mkt&HR   \n",
       "4        M  Central  Central  Commerce  Comm&Mgmt     No        Mkt&Fin   \n",
       "..     ...      ...      ...       ...        ...    ...            ...   \n",
       "210      M   Others   Others  Commerce  Comm&Mgmt     No        Mkt&Fin   \n",
       "211      M   Others   Others   Science   Sci&Tech     No        Mkt&Fin   \n",
       "212      M   Others   Others  Commerce  Comm&Mgmt    Yes        Mkt&Fin   \n",
       "213      F   Others   Others  Commerce  Comm&Mgmt     No         Mkt&HR   \n",
       "214      M  Central   Others   Science  Comm&Mgmt     No         Mkt&HR   \n",
       "\n",
       "         status  ssc_p  hsc_p  degree_p  etest_p  mba_p         salary  \n",
       "0        Placed  67.00  91.00     58.00     55.0  58.80  270000.000000  \n",
       "1        Placed  79.33  78.33     77.48     86.5  66.28  200000.000000  \n",
       "2        Placed  65.00  68.00     64.00     75.0  57.80  250000.000000  \n",
       "3    Not Placed  56.00  52.00     52.00     66.0  59.43  288655.405405  \n",
       "4        Placed  85.80  73.60     73.30     96.8  55.50  425000.000000  \n",
       "..          ...    ...    ...       ...      ...    ...            ...  \n",
       "210      Placed  80.60  82.00     77.60     91.0  74.49  400000.000000  \n",
       "211      Placed  58.00  60.00     72.00     74.0  53.62  275000.000000  \n",
       "212      Placed  67.00  67.00     73.00     59.0  69.72  295000.000000  \n",
       "213      Placed  74.00  66.00     58.00     70.0  60.23  204000.000000  \n",
       "214  Not Placed  62.00  58.00     53.00     89.0  60.22  288655.405405  \n",
       "\n",
       "[215 rows x 14 columns]"
      ]
     },
     "execution_count": 7,
     "metadata": {},
     "output_type": "execute_result"
    }
   ],
   "source": [
    "data.drop(['sl_no'],axis=1,inplace=True)\n",
    "data"
   ]
  },
  {
   "cell_type": "code",
   "execution_count": 8,
   "id": "8f787a16",
   "metadata": {},
   "outputs": [
    {
     "data": {
      "text/html": [
       "<div>\n",
       "<style scoped>\n",
       "    .dataframe tbody tr th:only-of-type {\n",
       "        vertical-align: middle;\n",
       "    }\n",
       "\n",
       "    .dataframe tbody tr th {\n",
       "        vertical-align: top;\n",
       "    }\n",
       "\n",
       "    .dataframe thead th {\n",
       "        text-align: right;\n",
       "    }\n",
       "</style>\n",
       "<table border=\"1\" class=\"dataframe\">\n",
       "  <thead>\n",
       "    <tr style=\"text-align: right;\">\n",
       "      <th></th>\n",
       "      <th>ssc_p</th>\n",
       "      <th>hsc_p</th>\n",
       "      <th>degree_p</th>\n",
       "      <th>etest_p</th>\n",
       "      <th>mba_p</th>\n",
       "      <th>salary</th>\n",
       "    </tr>\n",
       "  </thead>\n",
       "  <tbody>\n",
       "    <tr>\n",
       "      <th>ssc_p</th>\n",
       "      <td>117.228377</td>\n",
       "      <td>60.348373</td>\n",
       "      <td>42.897137</td>\n",
       "      <td>37.659225</td>\n",
       "      <td>24.535952</td>\n",
       "      <td>1.976764e+04</td>\n",
       "    </tr>\n",
       "    <tr>\n",
       "      <th>hsc_p</th>\n",
       "      <td>60.348373</td>\n",
       "      <td>118.755706</td>\n",
       "      <td>34.819820</td>\n",
       "      <td>35.461678</td>\n",
       "      <td>22.555846</td>\n",
       "      <td>4.600806e+04</td>\n",
       "    </tr>\n",
       "    <tr>\n",
       "      <th>degree_p</th>\n",
       "      <td>42.897137</td>\n",
       "      <td>34.819820</td>\n",
       "      <td>54.151103</td>\n",
       "      <td>21.929469</td>\n",
       "      <td>17.272020</td>\n",
       "      <td>-8.064357e+03</td>\n",
       "    </tr>\n",
       "    <tr>\n",
       "      <th>etest_p</th>\n",
       "      <td>37.659225</td>\n",
       "      <td>35.461678</td>\n",
       "      <td>21.929469</td>\n",
       "      <td>176.251018</td>\n",
       "      <td>16.886973</td>\n",
       "      <td>1.571579e+05</td>\n",
       "    </tr>\n",
       "    <tr>\n",
       "      <th>mba_p</th>\n",
       "      <td>24.535952</td>\n",
       "      <td>22.555846</td>\n",
       "      <td>17.272020</td>\n",
       "      <td>16.886973</td>\n",
       "      <td>34.028376</td>\n",
       "      <td>6.611551e+04</td>\n",
       "    </tr>\n",
       "    <tr>\n",
       "      <th>salary</th>\n",
       "      <td>19767.643976</td>\n",
       "      <td>46008.057275</td>\n",
       "      <td>-8064.357161</td>\n",
       "      <td>157157.850783</td>\n",
       "      <td>66115.509283</td>\n",
       "      <td>5.999726e+09</td>\n",
       "    </tr>\n",
       "  </tbody>\n",
       "</table>\n",
       "</div>"
      ],
      "text/plain": [
       "                 ssc_p         hsc_p     degree_p        etest_p  \\\n",
       "ssc_p       117.228377     60.348373    42.897137      37.659225   \n",
       "hsc_p        60.348373    118.755706    34.819820      35.461678   \n",
       "degree_p     42.897137     34.819820    54.151103      21.929469   \n",
       "etest_p      37.659225     35.461678    21.929469     176.251018   \n",
       "mba_p        24.535952     22.555846    17.272020      16.886973   \n",
       "salary    19767.643976  46008.057275 -8064.357161  157157.850783   \n",
       "\n",
       "                 mba_p        salary  \n",
       "ssc_p        24.535952  1.976764e+04  \n",
       "hsc_p        22.555846  4.600806e+04  \n",
       "degree_p     17.272020 -8.064357e+03  \n",
       "etest_p      16.886973  1.571579e+05  \n",
       "mba_p        34.028376  6.611551e+04  \n",
       "salary    66115.509283  5.999726e+09  "
      ]
     },
     "execution_count": 8,
     "metadata": {},
     "output_type": "execute_result"
    }
   ],
   "source": [
    "data.cov()"
   ]
  },
  {
   "cell_type": "code",
   "execution_count": null,
   "id": "ed9c2d56",
   "metadata": {},
   "outputs": [],
   "source": [
    "#1. The covariance between entrance test passmark and mba is 16%\n",
    "#its a positive covariance,ie 16 values difference is between the entrance test passmark and mba passmark\n",
    "\n",
    "#2.The covariance between entrance test passmark and degree passmark is 21%\n",
    "#its a positive covariance,ie 21 values difference is between the entrance test passmark and degree passmark\n",
    "\n"
   ]
  },
  {
   "cell_type": "code",
   "execution_count": 9,
   "id": "69126a53",
   "metadata": {},
   "outputs": [
    {
     "data": {
      "text/html": [
       "<div>\n",
       "<style scoped>\n",
       "    .dataframe tbody tr th:only-of-type {\n",
       "        vertical-align: middle;\n",
       "    }\n",
       "\n",
       "    .dataframe tbody tr th {\n",
       "        vertical-align: top;\n",
       "    }\n",
       "\n",
       "    .dataframe thead th {\n",
       "        text-align: right;\n",
       "    }\n",
       "</style>\n",
       "<table border=\"1\" class=\"dataframe\">\n",
       "  <thead>\n",
       "    <tr style=\"text-align: right;\">\n",
       "      <th></th>\n",
       "      <th>ssc_p</th>\n",
       "      <th>hsc_p</th>\n",
       "      <th>degree_p</th>\n",
       "      <th>etest_p</th>\n",
       "      <th>mba_p</th>\n",
       "      <th>salary</th>\n",
       "    </tr>\n",
       "  </thead>\n",
       "  <tbody>\n",
       "    <tr>\n",
       "      <th>ssc_p</th>\n",
       "      <td>1.000000</td>\n",
       "      <td>0.511472</td>\n",
       "      <td>0.538404</td>\n",
       "      <td>0.261993</td>\n",
       "      <td>0.388478</td>\n",
       "      <td>0.023571</td>\n",
       "    </tr>\n",
       "    <tr>\n",
       "      <th>hsc_p</th>\n",
       "      <td>0.511472</td>\n",
       "      <td>1.000000</td>\n",
       "      <td>0.434206</td>\n",
       "      <td>0.245113</td>\n",
       "      <td>0.354823</td>\n",
       "      <td>0.054506</td>\n",
       "    </tr>\n",
       "    <tr>\n",
       "      <th>degree_p</th>\n",
       "      <td>0.538404</td>\n",
       "      <td>0.434206</td>\n",
       "      <td>1.000000</td>\n",
       "      <td>0.224470</td>\n",
       "      <td>0.402364</td>\n",
       "      <td>-0.014148</td>\n",
       "    </tr>\n",
       "    <tr>\n",
       "      <th>etest_p</th>\n",
       "      <td>0.261993</td>\n",
       "      <td>0.245113</td>\n",
       "      <td>0.224470</td>\n",
       "      <td>1.000000</td>\n",
       "      <td>0.218055</td>\n",
       "      <td>0.152829</td>\n",
       "    </tr>\n",
       "    <tr>\n",
       "      <th>mba_p</th>\n",
       "      <td>0.388478</td>\n",
       "      <td>0.354823</td>\n",
       "      <td>0.402364</td>\n",
       "      <td>0.218055</td>\n",
       "      <td>1.000000</td>\n",
       "      <td>0.146324</td>\n",
       "    </tr>\n",
       "    <tr>\n",
       "      <th>salary</th>\n",
       "      <td>0.023571</td>\n",
       "      <td>0.054506</td>\n",
       "      <td>-0.014148</td>\n",
       "      <td>0.152829</td>\n",
       "      <td>0.146324</td>\n",
       "      <td>1.000000</td>\n",
       "    </tr>\n",
       "  </tbody>\n",
       "</table>\n",
       "</div>"
      ],
      "text/plain": [
       "             ssc_p     hsc_p  degree_p   etest_p     mba_p    salary\n",
       "ssc_p     1.000000  0.511472  0.538404  0.261993  0.388478  0.023571\n",
       "hsc_p     0.511472  1.000000  0.434206  0.245113  0.354823  0.054506\n",
       "degree_p  0.538404  0.434206  1.000000  0.224470  0.402364 -0.014148\n",
       "etest_p   0.261993  0.245113  0.224470  1.000000  0.218055  0.152829\n",
       "mba_p     0.388478  0.354823  0.402364  0.218055  1.000000  0.146324\n",
       "salary    0.023571  0.054506 -0.014148  0.152829  0.146324  1.000000"
      ]
     },
     "execution_count": 9,
     "metadata": {},
     "output_type": "execute_result"
    }
   ],
   "source": [
    "data.corr()"
   ]
  },
  {
   "cell_type": "code",
   "execution_count": null,
   "id": "c963b5af",
   "metadata": {},
   "outputs": [],
   "source": [
    "# The correlation between salary and mba mark is 14%\n",
    "#which shows a positive relation between salary and mba mark ie it is directly proportional, \n",
    "#when the mark increases salary also inceases by 14% and vice versa\n"
   ]
  }
 ],
 "metadata": {
  "kernelspec": {
   "display_name": "Python 3 (ipykernel)",
   "language": "python",
   "name": "python3"
  },
  "language_info": {
   "codemirror_mode": {
    "name": "ipython",
    "version": 3
   },
   "file_extension": ".py",
   "mimetype": "text/x-python",
   "name": "python",
   "nbconvert_exporter": "python",
   "pygments_lexer": "ipython3",
   "version": "3.7.6"
  }
 },
 "nbformat": 4,
 "nbformat_minor": 5
}
